18 6.873953425930494E-9 1521 221.21596396077516
17 3.1661302905123238E-9 1573 2127.9837462246655
23 6.616972321184628E-9 1948 7606.079334353095
36 6.6313131866109946E-9 2986 12687.992367405634
19 5.31004953213361E-9 1471 1968.5908118423383
24 5.220714788396408E-10 1601 7549.052720373169
78 7.480621473582418E-9 5161 4317.944287411819
85 6.84601748822407E-9 5865 3947.708824925333
89 8.124913647067924E-9 6351 2864.4026505735196
32 5.0092950198356034E-9 2010 2133.903500193381
16 8.123233351249354E-9 1040 37960.438788116204
66 6.74791859165225E-9 4642 1579.660678461285
30 7.684527794940838E-9 2450 496.7309188344199
86 6.933664020057014E-9 5363 2350.7492834032223
20 8.619002853679138E-9 1239 5127.758714814243
21 4.219951590952E-9 1723 3639.0998025387603
138 8.737562119833116E-9 9883 5300.81873474932
127 8.661688001932348E-9 8636 42464.02448195589
38 9.728474422973388E-9 2487 993.9891196607464
132 9.579056506641709E-9 8288 453.77427183107073
19 6.9901066659277905E-9 1211 2340.191312502572
22 6.555646308804534E-9 1381 148.40043580564995
28 3.036626668823869E-9 1779 2283.8861876322826
23 1.380742506570929E-9 1445 9192.723762837677
25 3.8575859905362656E-9 2145 1175.3777911778886
41 5.282512398499308E-9 3447 9412.78788048717
43 0.01689775056028197 3125 9780.076769446676
102 0.012088205297807039 6649 12972.137836021177
137 9.985965677027004E-9 8831 1599.2822226235733
151 9.953619943323976E-9 10096 20459.188454503765
127 6.217743478438838E-9 8429 1406.849894736908
30 7.424535863285961E-9 2042 2664.228875825966
165 8.170412428305512E-9 10980 1510.6322379090625
52 7.754506755139504E-9 3414 23992.66860491361
104 9.457418675199707E-9 7000 272.3371280602757
64 0.1056982089950915 5159 2562.987303477402
104 6.004837039490641E-9 7632 965.8148253484264
25 4.798312026892825E-9 2265 1490.950531873966
96 6.6240707936752915E-9 7566 1940.8308565143823
87 9.36804928329611E-9 6033 3291.860915396839
112 5.6855329961514335E-9 9391 983.7832790171415
21 8.933759457736287E-9 2014 7514.570034471026
32 9.821687130687936E-9 2478 10437.321582333567
123 9.204713009577545E-9 8904 379.8148667284458
26 1.1990786185790752E-9 2080 4829.8864381236945
58 9.929617975831001E-9 4616 14626.1886586938
20 6.435499110143274E-9 1512 4921.874133787825
53 7.834572616601612E-9 4674 17692.84799383999
166 9.919170325724577E-9 12755 49497.118725714856
38 8.546926912656643E-9 2873 11868.303642039862
34 8.537231437516634E-9 3504 21767.94059222536
16 2.9458028758838603E-9 1043 1735.8457048970643
116 9.124638886460099E-9 8058 7019.27617917857
26 5.761280658836016E-9 1617 1670.122062876033
86 9.19544183306549E-9 6545 8597.510207524652
82 6.982988385043883E-9 5276 9580.460027517876
27 2.2398101255494096E-9 1931 1314.0760080762175
205 9.271855540567254E-9 14515 1999.8656882538091
89 8.162338426779783E-9 6265 2906.1103185262323
93 8.481834123782865E-9 6423 26386.357508281486
227 9.748918716037191E-9 15178 637.6902489692357
220 2.9283692806982446 14603 16058.12148856278
95 9.316200803158141E-9 6681 15329.732937229337
36 2.963947589191455E-9 3211 3360.744966351389
39 0.11962494721114116 2682 6169.845878712399
23 0.0225619691366043 1581 1374.2966277481028
88 9.384768343493454E-9 6292 15891.136723755402
73 7.409820648941644E-9 5126 17984.456335034534
28 5.112176226780743E-9 1976 990.7354247442908
328 1.090583402322615 22430 44152.84739371853
211 0.0030047327350665154 14581 46151.04961133845
169 9.989693154612989E-9 11765 35534.45330644152
25 2.5817682756143377E-9 1863 3593.706689400274
29 1.942924287318064E-9 2814 1194.4326294804248
24 5.582542714356675E-9 2012 657.296815404334
113 0.010359372193846488 8145 587.565476890651
97 8.859421403040387E-9 7136 23354.549126025693
438 9.399946478189189E-9 29075 1495.2256512091658
95 2.542778875500856 7394 31244.497051239163
93 9.51260517971211E-9 6776 5155.958940089391
35 4.654106339233148E-9 2578 4692.846029844705
338 9.877369815445949E-9 22015 11798.09341521376
127 7.662018280792651E-9 9736 5404.42186754629
598 9.610000882974357E-9 39621 3111.786233268738
98 9.637242019791376E-9 6368 1108.6098317952117
117 0.12447319508333157 8135 1480.8944433257611
347 9.156122293850958E-9 23619 3886.102989200101
153 9.619499503323637E-9 10559 47266.3886760521
78 8.950775545503167E-9 5431 482.0279171698484
28 6.948658378880911E-9 2246 13804.863937677765
28 5.915476488599257E-9 2213 25723.691008422764
18 6.706348519107964E-9 1216 16238.235341594738
36 5.428791518281213E-9 4519 3500.1729265833665
19 9.838620755502522E-9 1110 612.0872130601664
31 1.3839282134006624E-9 1929 16781.725939294778
27 8.578373757002491E-9 1576 1773.2747865428832
146 7.756204056761767E-7 11423 290.4900220391442
102 6.849787621338811E-9 6054 409.6025141636136
140 0.12200665282381247 7971 12838.207418406491
325 0.001183305352421947 17046 153.75453029316162
