66 5.852774308550543E-9 3040 5052.606870006153
71 7.892538453442854E-9 3965 1880.6841130497894
71 4.670247565383997E-9 4642 1872.9963727386926
93 1.2958594042177426E-9 5550 1349.1827696213395
116 9.658402102143071E-9 5708 25870.071482341722
75 8.62857218048683E-9 5675 3295.6596850238643
123 2.8408675160162763E-9 6026 45756.69168723057
98 7.259581068357781E-9 6877 2388.1703241876307
75 1.893682906334401E-9 3957 29959.328221001153
74 1.171516329008953E-9 4074 24498.050662901824
75 2.109568438606172E-9 3566 1124.7811971212914
88 9.764817984669579E-9 4525 5268.307414640641
80 2.50711307654963E-10 4556 824.9672748515445
62 2.7520367745491367E-9 5529 1630.7339724030064
64 9.727773174840388E-9 3181 1584.5934326013175
105 9.720071552043925E-10 8689 3493.316375539293
102 4.9062379076554225E-9 7998 2551.3581404035485
79 2.5274191421595765E-9 7197 539.2000613309199
58 1.4429195323405359E-9 2729 1575.079109863608
63 1.9139742580550113E-10 3644 849.088565380407
92 6.664762370063411E-9 5827 3385.773771094778
66 2.743365932861597E-9 3176 5676.249303961647
67 4.891396739645134E-9 4072 8552.393125213532
62 4.032263278836105E-9 4166 388.27870290657904
64 2.8850406407982596E-9 3833 2005.3629149197989
66 8.539164426617437E-9 3593 45574.527199185955
72 8.99779876880885E-9 5052 1640.0908115483583
75 4.3253350853833025E-9 3877 4796.376189741934
75 9.89899000799108E-9 3791 3201.019839996859
60 9.568345243900324E-9 3117 563.1935708593552
292 9.778241986145164E-9 14445 349.63134549924337
68 6.5931402648962605E-9 3736 45825.96319661988
69 2.2702881079334663E-9 4731 3389.3228007942444
60 4.0873486385398294E-9 2958 3497.846076061399
76 6.729440775354173E-9 3476 6253.230021921505
90 7.951695215069027E-9 4176 311.48328471128195
63 6.366095955506216E-9 3184 161.05100064777034
62 1.0260160140045523E-9 4257 3680.0677068787045
60 2.0344582900848204E-9 3389 9647.225089857679
105 7.2342966937794975E-9 4990 23072.120436996054
117 8.388802416332537E-9 6815 2207.2966273958223
60 6.490609465257898E-9 4243 2629.4600976707966
96 7.795299164789071E-9 6160 3518.2369972083457
72 4.8982229285294115E-9 3823 1334.3036397014264
217 8.530034294418895E-9 11171 2306.1781619716958
92 6.328418042425979E-9 4220 69953.97142024216
75 5.763842793791299E-9 3870 37062.55588722029
367 9.36224950384365E-9 19157 10238.444933538594
64 2.3857260057118465E-9 3288 653.2532577573612
68 8.74950754440674E-9 4491 4568.89144408985
297 1.3126889819602484E-5 13546 881.7953709845702
67 1.7380670137204256E-9 6297 3084.179358022698
79 2.2974801574137885E-10 5394 8320.725433023774
67 4.848892317606111E-9 5211 3452.643790803524
84 1.6409163214951862E-10 5836 46170.907210938545
91 4.6306029181178073E-10 4915 71710.37875236815
76 7.681107017745948E-9 5272 31292.348360943666
76 5.168526330108319E-9 6351 2205.5719600989305
49 6.269612962422971E-9 3212 594.9589960866815
49 1.2145238213327796E-9 3291 141.2593537401756
86 8.760147471377677E-9 5241 6647.078147836687
70 4.145449660854215E-9 3394 2149.9037336139486
60 5.773424669175624E-9 4009 868.3768833336654
103 3.6535063871921867E-9 7635 1700.1958784148894
77 8.52751730301634E-9 3832 19073.51221393601
113 7.801410963011147E-9 5659 13553.78352908079
76 7.014364534047921E-9 4647 3166.899462707372
72 7.072987950622916E-9 4921 42824.99364262599
64 6.266746955666577E-9 3581 2565.8597567577544
231 4.059506146782788E-5 12579 1950.4010820015617
158 6.798217753045752E-9 9147 6834.915937722475
154 9.212238025429787E-9 8372 15044.680442691586
81 6.2808363675319716E-9 5332 4997.4024654199475
112 5.510612191048632E-9 5942 1526.2414941869083
58 5.748751511771045E-9 3184 18469.43850759918
65 4.459041598727865E-9 5509 6780.846991950938
52 2.7679690774853858E-9 2788 4905.102838540929
68 1.0824262286004326E-9 4254 12437.825338814648
86 1.3165918190965057E-9 4655 1456.3955189764458
72 6.3746071447888255E-9 5337 1114.0265937435458
65 5.862499008075688E-9 3852 1378.7246801049125
77 1.3949492855531452E-9 3778 760.9425257207517
59 5.035997296061063E-9 2859 1069.931676458619
97 7.239801821590256E-9 5634 772.2223682263037
