38 592753.035015434 5161 2.1939273209114213E7
71 150481.03911854868 9375 3.5488975702228345E7
86 497384.3017431896 12612 1.8883702580949217E7
80 877685.6512965776 12807 1.2174422523518233E7
137 132120.3960245659 16764 3.806496193420401E7
110 115121.227239643 19103 1.8278425848090295E7
238 103998.06239406136 31643 2.6490595768534712E7
1818 1275.88462396279 110268 2.707469268569062E7
41 573134.5349836973 5611 2.1809817125545427E7
38 292937.9005825031 5291 2.662117171037792E7
67 118330.21847390293 8941 1.8722185984366268E7
87 236815.6169429825 11554 1.533554438431492E7
102 113732.47087969026 13262 2.8846422061211765E7
216 110469.5410995808 21800 6.4758977324305765E7
148 103179.9892799378 23407 5.041630900660095E7
270 118054.14595494278 33636 4.543260920571177E7
41 642324.608439206 5242 2.5400583509887047E7
46 172259.17693268842 6609 1.036799472349644E7
86 141835.3543298126 12053 2.0660918981476262E7
98 233055.9789444657 13455 1.5405820308205605E7
98 161645.68567910476 13982 1.192958075286747E7
156 112531.20595678483 18677 3.4533292039927945E7
98 108897.37780573376 16574 3.449030748758776E7
246 11797.252271188636 24851 1.5857532207518835E7
