241 8.124718109303573E-9 6190 146.51131523177972
310 8.586863868132727E-9 7749 379.6514145314028
433 9.768216046670228E-9 10908 452.3053175541891
158 9.479914144437918E-9 3923 300.45011458422505
274 3.1333284476144797E-9 6789 387.4358377478667
549 9.666295720780756E-9 13547 314.2664673233975
667 4.852594427731279E-9 16585 705.4353096730454
150 9.201304555398398E-9 3804 805.221205986156
219 8.574321630259082E-9 5526 452.2614294913346
451 0.03542527067565602 11582 177.54763725746326
531 0.0026590989675723906 12942 84.89263263008428
599 0.09841665952671447 14949 189.51170772594256
381 5.058214412252868E-9 9551 425.84559734512476
251 8.34388435638541E-9 6344 438.7494017140389
268 6.89392613221427E-9 6708 460.54829106873296
